00100007000000000000000000760000000186415000003000000000000000
00100007000000000000000000750000000094262500003000000000000000
00100007000000000000000000740000000166250000003000000000000000
00100007000000000000000000730000000085000000003000000000000000
00100007000000000000000000720000000139050000003000000000000000
00100007000000000000000000710000000142237500003000000000000000
00100007000000000000000000700000000153835000003000000000000000
00300007000000000000000000430000000138835000003000000000000000
00100007000000000000000000690000000138835000003000000000000000
00100007000000000000000000680000000075000000003000000000000000
00100007000000000000000000670000000075000000003000000000000000
00100007000000000000000000660000000075000000003000000000000000
00100007000000000000000000650000000075000000003000000000000000
00100007000000000000000000640000000093500000003000000000000000
00100007000000000000000000630000000058500000003000000000000000
00100007000000000000000000620000000093500000003000000000000000
00100007000000000000000000610000000058500000003000000000000000
00300007000000000000000000420000000001800000003000000000000000
00100007000000000000000000600000000500000000003000000000000000
00100007000000000000000000590000000041500000003000000000000000
00100007000000000000000000580000000121000000003000000000000000
00100007000000000000000000570000000058500000003000000000000000
00600007000000000000000000200000000001800000003000000000000000
00100007000000000000000000560000000001800000003000000000000000
00100007000000000000000000550000000001800000003000000000000000
00100007000000000000000000540000000001800000003000000000000000
00100007000000000000000000530000000001800000003000000000000000
00100007000000000000000000520000000001800000003000000000000000
00100007000000000000000000510000000002286000003000000000000000
00100007000000000000000000500000000007290000003000000000000000
00100007000000000000000000490000000007290000003000000000000000
00100007000000000000000000480000000001800000003000000000000000
00100007000000000000000000470000000001800000003000000000000000
00600007000000000000000000190000000005400000003000000000000000
00100007000000000000000000460000000001800000003000000000000000
00300007000000000000000000410000000187000000003000000000000000
00300007000000000000000000400000000117000000003000000000000000
00300007000000000000000000390000000187000000003000000000000000
00300007000000000000000000380000000117000000003000000000000000
00300007000000000000000000370000000242000000003000000000000000
00300007000000000000000000360000000100000000003000000000000000
00800007000000000000000000110000000003600000003000000000000000
00300007000000000000000000350000000003600000003000000000000000
00300007000000000000000000340000000003600000003000000000000000
00300007000000000000000000330000000003600000003000000000000000
00300007000000000000000000320000000003600000003000000000000000
00300007000000000000000000310000000003600000003000000000000000
00300007000000000000000000300000000004572000003000000000000000
00300007000000000000000000290000000014580000003000000000000000
00300007000000000000000000280000000014580000003000000000000000
00300007000000000000000000270000000003600000003000000000000000
00300007000000000000000000260000000003600000003000000000000000
00800007000000000000000000100000000005400000003000000000000000
00300007000000000000000000250000000003600000003000000000000000
00600007000000000000000000180000000199902500003000000000000000
00600007000000000000000000170000000250000000003000000000000000
00600007000000000000000000160000000199717500003000000000000000
00600007000000000000000000150000000350000000003000000000000000
00600007000000000000000000140000000200065000003000000000000000
00100007000000000000000000450000000065000000003000000000000000
00100007000000000000000000440000000001800000003000000000000000
00100007000000000000000000430000000050000000003000000000000000
00100007000000000000000000420000000187000000003000000000000000
00100007000000000000000000410000000117000000003000000000000000
00100007000000000000000000400000000187000000003000000000000000
00100007000000000000000000390000000117000000003000000000000000
00100007000000000000000000380000000242000000003000000000000000
00100007000000000000000000370000000100000000003000000000000000
00600007000000000000000000130000000003600000003000000000000000
00100007000000000000000000360000000003600000003000000000000000
00100007000000000000000000350000000003600000003000000000000000
00100007000000000000000000340000000003600000003000000000000000
00100007000000000000000000330000000003600000003000000000000000
00100007000000000000000000320000000003600000003000000000000000
00100007000000000000000000310000000004572000003000000000000000
00100007000000000000000000300000000014580000003000000000000000
00100007000000000000000000290000000014580000003000000000000000
00100007000000000000000000280000000003600000003000000000000000
00100007000000000000000000270000000003600000003000000000000000
00600007000000000000000000120000000005400000003000000000000000
00100007000000000000000000260000000003600000003000000000000000
