00100007000000000000000001000000000000000000003000000000000000
00600007000000000000000000290000000000000000003000000000000000
00100007000000000000000001010000000000000000003000000000000000
00100007000000000000000001020000000000000000003000000000000000
00100007000000000000000001030000000000000000003000000000000000
00100007000000000000000001040000000000000000003000000000000000
00100007000000000000000001050000000000000000003000000000000000
00100007000000000000000001060000000000000000003000000000000000
00100007000000000000000001070000000000000000003000000000000000
00100007000000000000000001080000000000000000003000000000000000
00100007000000000000000001090000000000000000003000000000000000
00600007000000000000000000300000000000000000003000000000000000
00600007000000000000000000310000000000000000003000000000000000
00600007000000000000000000320000000000000000003000000000000000
00600007000000000000000000330000000000000000003000000000000000
00600007000000000000000000340000000000000000003000000000000000
00100007000000000000000001100000000000000000003000000000000000
00100007000000000000000001110000000000000000003000000000000000
00600007000000000000000000350000000000000000003000000000000000
00100007000000000000000001120000000000000000003000000000000000
00300007000000000000000000440000000000000000003000000000000000
00600007000000000000000000360000000000000000003000000000000000
00100007000000000000000001130000000000000000003000000000000000
00100007000000000000000001140000000000000000003000000000000000
00100007000000000000000001150000000000000000003000000000000000
00100007000000000000000001160000000000000000003000000000000000
00100007000000000000000001170000000000000000003000000000000000
00100007000000000000000001180000000000000000003000000000000000
00100007000000000000000001190000000000000000003000000000000000
00100007000000000000000001200000000000000000003000000000000000
00100007000000000000000001210000000000000000003000000000000000
