00100007000000000000000000770000000000000000003000000000000000
00600007000000000000000000210000000000000000003000000000000000
00100007000000000000000000780000000000000000003000000000000000
00100007000000000000000000790000000000000000003000000000000000
00100007000000000000000000800000000000000000003000000000000000
00100007000000000000000000810000000000000000003000000000000000
00100007000000000000000000820000000000000000003000000000000000
00100007000000000000000000830000000000000000003000000000000000
00100007000000000000000000840000000000000000003000000000000000
00100007000000000000000000850000000000000000003000000000000000
00100007000000000000000000860000000000000000003000000000000000
00600007000000000000000000220000000000000000003000000000000000
00600007000000000000000000230000000000000000003000000000000000
00600007000000000000000000240000000000000000003000000000000000
00600007000000000000000000250000000000000000003000000000000000
00600007000000000000000000260000000000000000003000000000000000
00600007000000000000000000270000000000000000003000000000000000
00100007000000000000000000870000000000000000003000000000000000
00100007000000000000000000880000000000000000003000000000000000
00100007000000000000000000890000000000000000003000000000000000
00100007000000000000000000900000000000000000003000000000000000
00100007000000000000000000910000000000000000003000000000000000
00100007000000000000000000920000000000000000003000000000000000
00600007000000000000000000280000000000000000003000000000000000
00100007000000000000000000930000000000000000003000000000000000
00100007000000000000000000940000000000000000003000000000000000
00100007000000000000000000950000000000000000003000000000000000
00100007000000000000000000960000000000000000003000000000000000
00100007000000000000000000970000000000000000003000000000000000
00100007000000000000000000980000000000000000003000000000000000
00100007000000000000000000990000000000000000003000000000000000
