00100007000000000000000000170000000121000000003000000000000000
00600007000000000000000000110000000250000000003000000000000000
00600007000000000000000000100000000350000000003000000000000000
00100007000000000000000000160000000001800000003000000000000000
00100007000000000000000000150000000001800000003000000000000000
00100007000000000000000000140000000001800000003000000000000000
00100007000000000000000000130000000050000000003000000000000000
00100007000000000000000000120000000085000000003000000000000000
00600007000000000000000000090000000001800000003000000000000000
00100007000000000000000000110000000001800000003000000000000000
00100007000000000000000000100000000001800000003000000000000000
00100007000000000000000000090000000001800000003000000000000000
00100007000000000000000000080000000007290000003000000000000000
00100007000000000000000000070000000007290000003000000000000000
00100007000000000000000000060000000001800000003000000000000000
00100007000000000000000000050000000001800000003000000000000000
00600007000000000000000000080000000002700000003000000000000000
00100007000000000000000000040000000001800000003000000000000000
00100007000000000000000000030000000001800000003000000000000000
